$GPGSA,A,3,20,16,31,14,29,03,06,32,,,,,2.0,1.0,1.7*3A
$GPGSV,3,1,10,16,65,238,25,31,55,024,22,32,41,260,36,14,36,131,25*75
$GPGSV,3,2,10,20,27,286,17,29,23,059,27,06,19,176,21,23,11,318,*71
$GPGSV,3,3,10,03,09,189,14,30,07,045,*72
$GPRMC,071841.000,A,3030.7034,N,11423.6355,E,13.74,183.67,020708,,,A*52
$GPGGA,071842.000,3030.6990,N,11423.6354,E,1,08,1.0,33.4,M,-13.6,M,,0000*47
$GPGSA,A,3,20,16,31,14,29,03,06,32,,,,,2.0,1.0,1.7*3A
$GPRMC,071842.000,A,3030.6990,N,11423.6354,E,13.75,183.40,020708,,,A*52
$GPGGA,071843.000,3030.6946,N,11423.6351,E,1,08,1.0,33.7,M,-13.6,M,,0000*4B
$GPGSA,A,3,20,16,31,14,29,03,06,32,,,,,2.0,1.0,1.7*3A
$GPRMC,071843.000,A,3030.6946,N,11423.6351,E,13.39,184.31,020708,,,A*54
$GPGGA,071844.000,3030.6899,N,11423.6348,E,1,08,1.0,33.5,M,-13.6,M,,0000*45
$GPGSA,A,3,20,16,31,14,29,03,06,32,,,,,2.0,1.0,1.7*3A
$GPRMC,071844.000,A,3030.6899,N,11423.6348,E,14.88,185.71,020708,,,A*50
$GPGGA,071845.000,3030.6846,N,11423.6341,E,1,07,1.0,32.5,M,-13.6,M,,0000*41